%YAML:1.0
---
cameraMatrix1: !!opencv-matrix
   rows: 3
   cols: 3
   dt: d
   data: [ 1.3542212755841429e+03, 0., 9.5671552911912397e+02, 0.,
       1.3541118713592077e+03, 4.9744719438603227e+02, 0., 0., 1. ]
distCoeffs1: !!opencv-matrix
   rows: 1
   cols: 5
   dt: d
   data: [ 4.4361168711153217e-03, -1.2832036703143967e-01,
       -2.8147838219736649e-03, -8.9341571943231813e-04,
       9.0849581782604827e-02 ]
cameraMatrix2: !!opencv-matrix
   rows: 3
   cols: 3
   dt: d
   data: [ 1.3989333552263129e+03, 0., 9.5196546697295742e+02, 0.,
       1.4005266670619567e+03, 4.8470753652621613e+02, 0., 0., 1. ]
distCoeffs2: !!opencv-matrix
   rows: 1
   cols: 5
   dt: d
   data: [ 2.2334242331743078e-02, -7.3050161994689680e-02,
       -7.5262934051176459e-03, -1.0282525202924891e-03,
       -4.3122168547320316e-01 ]
R: !!opencv-matrix
   rows: 3
   cols: 3
   dt: d
   data: [ 9.9972591898854624e-01, -2.3023596049277662e-02,
       4.2427499886583909e-03, 2.3029442473297679e-02,
       9.9973389679259039e-01, -1.3343100356290245e-03,
       -4.2109003640133482e-03, 1.4316524933772729e-03,
       9.9999010929571830e-01 ]
F: !!opencv-matrix
   rows: 3
   cols: 3
   dt: d
   data: [ 2.4488549124992715e-08, 1.0474802823023816e-06,
       -6.6164277480483893e-04, -1.1024151534529473e-06,
       4.3172588829186519e-08, 1.9067995783778269e-02,
       2.0038550139157764e-04, -1.9675222162763004e-02,
       9.9999999999999989e-01 ]
E: !!opencv-matrix
   rows: 3
   cols: 3
   dt: d
   data: [ -1.0655994134814687e-03, -4.5576575163533105e-02,
       3.7642324163295283e-03, 4.8025340098095427e-02,
       -1.8806080012454878e-03, -5.8015808747918918e-01,
       9.6628869400384957e-03, 5.8028810300882283e-01,
       -7.9008926995583850e-04 ]
T: [ 5.8035727160634420e-01, 3.7034325009055037e-03,
    4.5594009904181249e-02 ]
Rot1: !!opencv-matrix
   rows: 3
   cols: 3
   dt: d
   data: [ 9.9645152366747380e-01, -1.6480408350059747e-02,
       8.2539427677839325e-02, 1.6575322046229562e-02,
       9.9986251188926356e-01, -4.6477688872182256e-04,
       -8.2520419774948811e-02, 1.8312452342039425e-03,
       9.9658769150589976e-01 ]
Rot2: !!opencv-matrix
   rows: 3
   cols: 3
   dt: d
   data: [ 9.9690804764642527e-01, 6.3615669944983091e-03,
       7.8319059003330721e-02, -6.4516234454882202e-03,
       9.9997878584988820e-01, 8.9688633679108488e-04,
       -7.8311691928538457e-02, -1.3993982842656243e-03,
       9.9692794152422648e-01 ]
P1: !!opencv-matrix
   rows: 3
   cols: 4
   dt: d
   data: [ 1.3773192692105822e+03, 0., 7.7939224243164062e+02, 0., 0.,
       1.3773192692105822e+03, 4.8710846328735352e+02, 0., 0., 0., 1.,
       0. ]
P2: !!opencv-matrix
   rows: 3
   cols: 4
   dt: d
   data: [ 1.3773192692105822e+03, 0., 7.9204664611816406e+02,
       8.0181643141213704e+02, 0., 1.3773192692105822e+03,
       4.8710846328735352e+02, 0., 0., 0., 1., 0. ]
Q: !!opencv-matrix
   rows: 4
   cols: 4
   dt: d
   data: [ 1., 0., 0., -7.7939224243164062e+02, 0., 1., 0.,
       -4.8710846328735352e+02, 0., 0., 0., 1.3773192692105822e+03, 0.,
       0., -1.7177488702556087e+00, -2.1737087636284045e+01 ]
